a = -4
b = -5
c = 7
Корни уравнения равны: x1 = -2.088087488839953	x2 = 0.8380874888399532